start=12.340373
pause=no
audio-delay=2.000000
aid=1
sub-delay=-0.300000
