start=30.050166
pause=no
audio-delay=2.000000
aid=1
sub-delay=3.399999
